spawns:
  default:
    world: 2a170c9f-dded-44cc-9666-000d3e74b112
    world-name: Spawn
    x: -0.24922015299229539
    y: 71.0
    z: 0.5608815997718981
    yaw: 90.00007629394531
    pitch: 3.149977207183838
